  0        0 8.0
  1     1000 9.3
  2     2000 9.0
  3     3000 9.0
  4     4000 7.7
  5     5000 8.0
  6     6000 6.7
  7     7000 9.0
  8     8000 8.0
  9     9000 8.3
 10    10000 9.0
 11    11000 9.0
 12    12000 9.0
 13    13000 9.0
 14    14000 7.3
 15    15000 10.0
 16    16000 10.3
 17    17000 10.0
 18    18000 8.0
 19    19000 7.7
 20    20000 7.7
 21    21000 10.3
 22    22000 8.0
 23    23000 9.0
 24    24000 9.0
 25    25000 8.0
 26    26000 7.7
 27    27000 9.3
 28    28000 9.3
 29    29000 10.7
 30    30000 8.0
 31    31000 7.7
 32    32000 9.0
 33    33000 9.3
 34    34000 9.0
 35    35000 9.3
 36    36000 10.0
 37    37000 9.3
 38    38000 7.0
 39    39000 10.0
 40    40000 8.3
 41    41000 7.7
 42    42000 8.0
 43    43000 9.0
 44    44000 6.0
 45    45000 9.0
 46    46000 8.0
 47    47000 9.0
 48    48000 7.3
 49    49000 7.0
 50    50000 9.0
 51    51000 0.0
 52    52000 0.0
 53    53000 9.0
 54    54000 4.3
 55    55000 9.0
 56    56000 9.0
 57    57000 2.3
 58    58000 4.3
 59    59000 3.3
 60    60000 0.0
 61    61000 0.0
 62    62000 3.3
 63    63000 0.0
 64    64000 1.7
 65    65000 0.0
 66    66000 2.7
 67    67000 0.0
 68    68000 2.7
 69    69000 1.0
 70    70000 4.0
 71    71000 0.7
 72    72000 0.0
 73    73000 0.0
 74    74000 0.0
 75    75000 2.3
 76    76000 0.0
 77    77000 4.3
 78    78000 0.0
 79    79000 9.0
 80    80000 5.0
 81    81000 6.7
 82    82000 0.0
 83    83000 0.0
 84    84000 2.0
 85    85000 1.7
 86    86000 9.0
 87    87000 2.3
 88    88000 0.0
 89    89000 7.3
 90    90000 0.0
 91    91000 8.3
 92    92000 0.0
 93    93000 4.0
 94    94000 2.7
 95    95000 0.7
 96    96000 9.0
 97    97000 0.0
 98    98000 0.0
 99    99000 0.0
100   100000 6.7
101   101000 0.0
102   102000 5.0
103   103000 9.0
104   104000 5.7
105   105000 9.0
106   106000 0.0
107   107000 9.0
108   108000 4.3
109   109000 0.0
110   110000 4.3
111   111000 0.0
112   112000 5.3
113   113000 0.0
114   114000 0.0
115   115000 0.0
116   116000 1.7
117   117000 1.3
118   118000 0.0
119   119000 9.3
120   120000 1.7
121   121000 9.0
122   122000 5.0
123   123000 0.0
124   124000 4.3
125   125000 1.3
126   126000 4.3
127   127000 0.3
128   128000 2.7
129   129000 0.0
130   130000 0.0
131   131000 1.0
132   132000 0.0
133   133000 0.0
134   134000 4.7
135   135000 0.0
136   136000 0.3
137   137000 4.7
138   138000 0.0
139   139000 2.7
140   140000 1.3
141   141000 2.7
142   142000 6.3
143   143000 0.0
144   144000 1.0
145   145000 6.7
146   146000 9.0
147   147000 3.0
148   148000 0.0
149   149000 9.0
150   150000 9.3
151   151000 0.0
152   152000 7.7
153   153000 5.7
154   154000 9.0
155   155000 10.3
156   156000 5.7
157   157000 0.7
158   158000 0.0
159   159000 0.0
160   160000 2.3
161   161000 0.0
162   162000 8.7
163   163000 4.7
164   164000 3.0
165   165000 4.7
166   166000 3.0
167   167000 8.0
168   168000 6.3
169   169000 3.3
170   170000 0.3
171   171000 0.0
172   172000 0.3
173   173000 1.7
174   174000 1.3
175   175000 2.0
176   176000 1.7
177   177000 0.0
178   178000 6.0
179   179000 6.3
180   180000 0.7
181   181000 3.0
182   182000 9.0
183   183000 9.0
184   184000 4.0
185   185000 4.3
186   186000 1.0
187   187000 4.7
188   188000 0.0
189   189000 3.7
190   190000 0.3
191   191000 9.0
192   192000 2.0
193   193000 5.3
194   194000 0.0
195   195000 5.7
196   196000 0.0
197   197000 0.7
198   198000 2.7
199   199000 4.0
200   200000 0.0
201   201000 0.0
202   202000 0.0
203   203000 0.0
204   204000 0.7
205   205000 1.7
206   206000 4.3
207   207000 0.0
208   208000 6.7
209   209000 7.7
210   210000 5.7
211   211000 0.0
212   212000 2.3
213   213000 5.0
214   214000 5.7
215   215000 9.0
216   216000 6.7
217   217000 3.0
218   218000 0.0
219   219000 4.7
220   220000 0.0
221   221000 0.0
222   222000 2.7
223   223000 0.0
224   224000 7.7
225   225000 0.0
226   226000 4.7
227   227000 2.7
228   228000 9.0
229   229000 1.7
230   230000 0.0
231   231000 1.0
232   232000 6.3
233   233000 0.0
234   234000 0.0
235   235000 2.3
236   236000 2.7
237   237000 2.0
238   238000 0.3
239   239000 3.7
240   240000 4.7
241   241000 1.3
242   242000 2.0
243   243000 8.0
244   244000 2.3
245   245000 9.0
246   246000 3.3
247   247000 6.0
248   248000 0.0
249   249000 0.0
250   250000 4.7
251   251000 0.0
252   252000 0.0
253   253000 9.3
254   254000 0.3
255   255000 9.0
256   256000 0.0
257   257000 1.3
258   258000 0.0
259   259000 9.0
260   260000 9.0
261   261000 4.3
262   262000 9.0
263   263000 3.7
264   264000 8.3
265   265000 8.7
266   266000 3.0
267   267000 3.7
268   268000 0.0
269   269000 3.0
270   270000 8.3
271   271000 5.3
272   272000 0.0
273   273000 2.7
274   274000 3.3
275   275000 5.3
276   276000 4.7
277   277000 7.3
278   278000 1.7
279   279000 8.3
280   280000 4.0
281   281000 9.0
282   282000 6.3
283   283000 9.0
284   284000 8.7
285   285000 5.0
286   286000 8.0
287   287000 8.3
288   288000 5.0
289   289000 9.0
290   290000 0.0
291   291000 2.7
292   292000 4.0
293   293000 2.3
294   294000 4.0
295   295000 10.0
296   296000 8.7
297   297000 6.3
298   298000 5.7
299   299000 5.3
300   300000 8.3
301   301000 5.7
302   302000 5.3
303   303000 6.3
304   304000 8.7
305   305000 1.0
306   306000 9.0
307   307000 3.7
308   308000 1.3
309   309000 9.0
310   310000 2.3
311   311000 9.0
312   312000 1.3
313   313000 3.7
314   314000 8.3
315   315000 10.3
316   316000 8.0
317   317000 6.3
318   318000 9.7
319   319000 3.7
320   320000 7.0
321   321000 1.0
322   322000 5.7
323   323000 1.0
324   324000 5.0
325   325000 4.7
326   326000 1.0
327   327000 9.0
328   328000 2.3
329   329000 6.0
330   330000 7.7
331   331000 9.3
332   332000 9.0
333   333000 7.0
334   334000 9.0
335   335000 4.0
336   336000 10.0
337   337000 5.7
338   338000 10.0
339   339000 6.0
340   340000 5.7
341   341000 9.3
342   342000 10.3
343   343000 10.3
344   344000 10.3
345   345000 9.3
346   346000 9.7
347   347000 9.0
348   348000 8.0
349   349000 7.7
350   350000 6.3
351   351000 9.3
352   352000 6.3
353   353000 9.0
354   354000 9.0
355   355000 9.0
356   356000 9.0
357   357000 9.3
358   358000 6.0
359   359000 9.0
360   360000 10.0
361   361000 10.7
362   362000 11.3
363   363000 9.0
364   364000 9.0
365   365000 6.7
366   366000 8.7
367   367000 8.7
368   368000 9.3
369   369000 9.0
370   370000 10.7
371   371000 12.3
372   372000 10.7
373   373000 9.0
374   374000 9.0
375   375000 11.0
376   376000 6.3
377   377000 9.0
378   378000 9.0
379   379000 11.3
380   380000 9.0
381   381000 9.0
382   382000 7.3
383   383000 10.7
384   384000 9.0
385   385000 8.7
386   386000 9.0
387   387000 10.0
388   388000 9.3
389   389000 9.0
390   390000 9.3
391   391000 12.7
392   392000 9.3
393   393000 9.7
394   394000 10.3
395   395000 10.7
396   396000 9.3
397   397000 9.3
398   398000 9.3
399   399000 7.7
400   400000 9.0
401   401000 8.7
402   402000 10.0
403   403000 9.0
404   404000 10.3
405   405000 13.0
406   406000 11.3
407   407000 10.0
408   408000 13.7
409   409000 10.3
410   410000 9.7
411   411000 9.3
412   412000 9.3
413   413000 9.0
414   414000 10.3
415   415000 11.0
416   416000 10.7
417   417000 10.7
418   418000 9.3
419   419000 14.0
420   420000 10.7
421   421000 10.0
422   422000 7.7
423   423000 10.0
424   424000 10.7
425   425000 9.0
426   426000 11.0
427   427000 8.7
428   428000 11.3
429   429000 11.3
430   430000 10.3
431   431000 12.0
432   432000 10.3
433   433000 11.7
434   434000 10.0
435   435000 10.7
436   436000 9.3
437   437000 10.7
438   438000 12.7
439   439000 10.0
440   440000 9.0
441   441000 11.0
442   442000 10.7
443   443000 8.7
444   444000 14.7
445   445000 10.7
446   446000 13.3
447   447000 10.3
448   448000 11.3
449   449000 9.3
450   450000 11.7
451   451000 10.3
452   452000 11.7
453   453000 12.7
454   454000 12.7
455   455000 8.7
456   456000 12.7
457   457000 12.3
458   458000 10.3
459   459000 12.0
460   460000 9.0
461   461000 13.7
462   462000 8.7
463   463000 12.0
464   464000 11.7
465   465000 11.0
466   466000 12.3
467   467000 10.0
468   468000 10.7
469   469000 11.7
470   470000 13.3
471   471000 9.0
472   472000 12.3
473   473000 13.3
474   474000 7.7
475   475000 15.0
476   476000 11.3
477   477000 11.3
478   478000 9.7
479   479000 12.7
480   480000 9.0
481   481000 12.0
482   482000 11.7
483   483000 6.0
484   484000 12.0
485   485000 10.3
486   486000 10.0
487   487000 9.3
488   488000 11.0
489   489000 11.0
490   490000 6.0
491   491000 11.7
492   492000 12.0
493   493000 13.0
494   494000 11.3
495   495000 12.0
496   496000 12.3
497   497000 12.3
498   498000 13.7
499   499000 14.3
