  0        0 10.3
  1     1000 8.0
  2     2000 9.3
  3     3000 9.7
  4     4000 9.0
  5     5000 9.3
  6     6000 7.3
  7     7000 8.3
  8     8000 7.0
  9     9000 9.3
 10    10000 10.3
 11    11000 11.3
 12    12000 8.0
 13    13000 9.3
 14    14000 7.7
 15    15000 10.0
 16    16000 7.3
 17    17000 9.3
 18    18000 11.3
 19    19000 10.0
 20    20000 9.0
 21    21000 9.7
 22    22000 9.3
 23    23000 9.0
 24    24000 10.3
 25    25000 9.0
 26    26000 9.3
 27    27000 8.0
 28    28000 9.3
 29    29000 9.7
 30    30000 8.3
 31    31000 7.7
 32    32000 10.3
 33    33000 9.3
 34    34000 8.0
 35    35000 9.0
 36    36000 8.0
 37    37000 10.0
 38    38000 9.0
 39    39000 10.7
 40    40000 7.0
 41    41000 7.7
 42    42000 9.0
 43    43000 10.7
 44    44000 7.3
 45    45000 8.0
 46    46000 8.0
 47    47000 10.7
 48    48000 7.7
 49    49000 9.7
 50    50000 8.7
 51    51000 7.7
 52    52000 10.7
 53    53000 12.0
 54    54000 9.0
 55    55000 9.0
 56    56000 9.0
 57    57000 9.7
 58    58000 9.0
 59    59000 10.0
 60    60000 8.3
 61    61000 7.7
 62    62000 9.0
 63    63000 10.3
 64    64000 9.0
 65    65000 9.3
 66    66000 9.7
 67    67000 8.3
 68    68000 8.7
 69    69000 9.3
 70    70000 9.0
 71    71000 10.3
 72    72000 9.0
 73    73000 9.3
 74    74000 9.7
 75    75000 9.3
 76    76000 6.3
 77    77000 10.3
 78    78000 11.7
 79    79000 10.7
 80    80000 9.3
 81    81000 6.0
 82    82000 0.3
 83    83000 4.0
 84    84000 9.7
 85    85000 2.7
 86    86000 2.3
 87    87000 2.0
 88    88000 1.0
 89    89000 2.7
 90    90000 6.0
 91    91000 1.0
 92    92000 1.0
 93    93000 0.0
 94    94000 1.3
 95    95000 8.3
 96    96000 0.3
 97    97000 0.7
 98    98000 0.7
 99    99000 0.0
100   100000 1.0
101   101000 2.3
102   102000 9.0
103   103000 0.0
104   104000 2.7
105   105000 0.7
106   106000 0.0
107   107000 0.0
108   108000 3.3
109   109000 1.0
110   110000 0.0
111   111000 0.0
112   112000 1.0
113   113000 0.0
114   114000 0.0
115   115000 0.0
116   116000 9.7
117   117000 4.3
118   118000 0.3
119   119000 0.3
120   120000 0.3
121   121000 0.3
122   122000 0.0
123   123000 1.7
124   124000 0.3
125   125000 0.0
126   126000 1.0
127   127000 1.3
128   128000 0.0
129   129000 1.0
130   130000 1.0
131   131000 0.0
132   132000 0.0
133   133000 2.3
134   134000 1.7
135   135000 1.0
136   136000 0.7
137   137000 1.0
138   138000 0.0
139   139000 0.0
140   140000 0.3
141   141000 4.3
142   142000 0.0
143   143000 4.7
144   144000 0.3
145   145000 1.7
146   146000 0.0
147   147000 0.0
148   148000 0.0
149   149000 0.0
150   150000 0.3
151   151000 0.0
152   152000 2.7
153   153000 0.0
154   154000 1.3
155   155000 0.3
156   156000 0.0
157   157000 0.0
158   158000 0.0
159   159000 0.0
160   160000 0.0
161   161000 0.0
162   162000 0.0
163   163000 0.0
164   164000 0.3
165   165000 0.0
166   166000 0.0
167   167000 0.3
168   168000 0.3
169   169000 0.0
170   170000 0.0
171   171000 0.0
172   172000 0.0
173   173000 0.3
174   174000 0.7
175   175000 0.0
176   176000 0.0
177   177000 0.3
178   178000 0.0
179   179000 1.3
180   180000 0.7
181   181000 2.0
182   182000 0.0
183   183000 0.0
184   184000 7.3
185   185000 1.0
186   186000 1.0
187   187000 1.3
188   188000 2.3
189   189000 0.7
190   190000 0.7
191   191000 0.0
192   192000 2.3
193   193000 1.7
194   194000 1.7
195   195000 1.3
196   196000 1.0
197   197000 0.3
198   198000 0.0
199   199000 0.0
200   200000 1.0
201   201000 6.0
202   202000 4.0
203   203000 1.0
204   204000 3.0
205   205000 1.3
206   206000 2.3
207   207000 1.3
208   208000 4.0
209   209000 3.0
210   210000 6.0
211   211000 4.3
212   212000 6.3
213   213000 2.7
214   214000 5.0
215   215000 7.7
216   216000 7.0
217   217000 1.0
218   218000 4.0
219   219000 4.3
220   220000 1.7
221   221000 3.3
222   222000 3.7
223   223000 7.0
224   224000 9.3
225   225000 7.0
226   226000 3.0
227   227000 5.0
228   228000 8.0
229   229000 8.0
230   230000 6.7
231   231000 7.3
232   232000 4.0
233   233000 5.3
234   234000 1.7
235   235000 5.7
236   236000 5.3
237   237000 7.7
238   238000 8.0
239   239000 5.7
240   240000 8.0
241   241000 6.3
242   242000 9.3
243   243000 5.7
244   244000 7.0
245   245000 13.0
246   246000 13.0
247   247000 6.7
248   248000 13.7
249   249000 12.0
250   250000 10.7
251   251000 10.7
252   252000 14.3
253   253000 4.7
254   254000 9.0
255   255000 11.7
256   256000 5.0
257   257000 11.3
258   258000 11.7
259   259000 15.0
260   260000 10.7
261   261000 13.0
262   262000 13.0
263   263000 8.7
264   264000 6.3
265   265000 5.7
266   266000 11.7
267   267000 8.3
268   268000 8.3
269   269000 17.3
270   270000 7.7
271   271000 8.7
272   272000 7.3
273   273000 9.3
274   274000 15.0
275   275000 8.0
276   276000 9.7
277   277000 8.0
278   278000 7.3
279   279000 8.7
280   280000 11.0
281   281000 9.3
282   282000 13.0
283   283000 7.0
284   284000 8.3
285   285000 4.3
286   286000 6.7
287   287000 13.0
288   288000 15.0
289   289000 8.7
290   290000 6.7
291   291000 9.7
292   292000 8.3
293   293000 12.0
294   294000 6.0
295   295000 9.3
296   296000 6.3
297   297000 13.0
298   298000 7.7
299   299000 9.3
300   300000 8.0
301   301000 11.0
302   302000 5.0
303   303000 6.7
304   304000 6.0
305   305000 10.0
306   306000 8.0
307   307000 9.3
308   308000 8.3
309   309000 17.3
310   310000 9.7
311   311000 8.7
312   312000 9.3
313   313000 5.7
314   314000 14.3
315   315000 13.3
316   316000 7.3
317   317000 11.7
318   318000 5.3
319   319000 10.0
320   320000 13.7
321   321000 12.0
322   322000 6.7
323   323000 10.0
324   324000 10.3
325   325000 10.7
326   326000 9.0
327   327000 8.7
328   328000 13.3
329   329000 14.0
330   330000 13.3
331   331000 7.3
332   332000 9.0
333   333000 7.7
334   334000 14.3
335   335000 10.0
336   336000 8.7
337   337000 9.0
338   338000 10.3
339   339000 17.7
340   340000 13.0
341   341000 14.0
342   342000 21.7
343   343000 16.0
344   344000 15.0
345   345000 14.0
346   346000 9.0
347   347000 14.3
348   348000 17.0
349   349000 18.7
350   350000 15.7
351   351000 15.0
352   352000 15.3
353   353000 13.0
354   354000 16.3
355   355000 11.3
356   356000 15.0
357   357000 16.7
358   358000 16.7
359   359000 16.7
360   360000 17.0
361   361000 18.3
362   362000 15.3
363   363000 15.7
364   364000 11.7
365   365000 13.3
366   366000 14.7
367   367000 14.7
368   368000 20.3
369   369000 13.3
370   370000 18.0
371   371000 19.0
372   372000 22.0
373   373000 15.3
374   374000 17.0
375   375000 20.0
376   376000 19.0
377   377000 15.0
378   378000 15.3
379   379000 17.0
380   380000 23.0
381   381000 11.7
382   382000 15.3
383   383000 16.0
384   384000 16.3
385   385000 16.3
386   386000 21.7
387   387000 18.0
388   388000 19.7
389   389000 25.3
390   390000 10.7
391   391000 25.3
392   392000 17.7
393   393000 12.0
394   394000 18.3
395   395000 20.3
396   396000 24.0
397   397000 18.3
398   398000 24.3
399   399000 20.7
400   400000 13.7
401   401000 21.7
402   402000 18.0
403   403000 19.3
404   404000 14.3
405   405000 26.7
406   406000 24.7
407   407000 21.7
408   408000 27.7
409   409000 20.0
410   410000 21.3
411   411000 22.0
412   412000 11.3
413   413000 15.0
414   414000 13.0
415   415000 12.3
416   416000 25.0
417   417000 13.0
418   418000 13.3
419   419000 12.0
420   420000 27.3
421   421000 29.7
422   422000 19.7
423   423000 21.7
424   424000 21.3
425   425000 16.3
426   426000 16.3
427   427000 17.0
428   428000 11.0
429   429000 19.0
430   430000 15.0
431   431000 23.7
432   432000 15.0
433   433000 10.3
434   434000 26.0
435   435000 26.3
436   436000 20.0
437   437000 18.0
438   438000 26.7
439   439000 20.0
440   440000 20.3
441   441000 19.0
442   442000 16.7
443   443000 21.7
444   444000 19.0
445   445000 22.3
446   446000 33.7
447   447000 25.0
448   448000 20.0
449   449000 22.0
450   450000 23.0
451   451000 22.3
452   452000 14.7
453   453000 15.0
454   454000 27.7
455   455000 13.7
456   456000 18.7
457   457000 17.3
458   458000 20.3
459   459000 25.7
460   460000 20.7
461   461000 19.3
462   462000 19.3
463   463000 15.0
464   464000 18.0
465   465000 21.0
466   466000 27.0
467   467000 20.7
468   468000 17.3
469   469000 27.3
470   470000 23.3
471   471000 24.0
472   472000 20.0
473   473000 21.7
474   474000 18.0
475   475000 26.0
476   476000 22.0
477   477000 22.7
478   478000 15.7
479   479000 25.3
480   480000 11.0
481   481000 30.0
482   482000 30.3
483   483000 23.3
484   484000 25.0
485   485000 21.0
486   486000 22.0
487   487000 26.3
488   488000 42.0
489   489000 20.7
490   490000 24.7
491   491000 24.0
492   492000 31.0
493   493000 24.0
494   494000 24.3
495   495000 23.0
496   496000 18.0
497   497000 24.7
498   498000 22.7
499   499000 18.3